199
253
253
253
132
290
381
381
749
1238
23
24
70
117
15
64
23
29
22
124
35
39
40
45
28
21
28
22
28
27
102
102
74
74
138
136
23
29
44
30
41
74
74
74
54
41
18
28
36
38
34
19
72
36
30
56
42
34
34
34
34
34
19
75
113
157
18
20
28
33
47
54
20
23
25
52
27
50
18
53
23
30
73
20
25
28
29
32
175
57
181
181
32
82
171
361
350
220
113
15
21
35
18
20
20
28
45
18
17
26
28
28
31
31
42
76
76
26
59
65
101
116
18
20
20
30
44
44
82
82
128
37
46
46
80
88
88
33
46
29
53
53
41
86
95
107
117
119
120
48
126
266
270
426
151
267
603
19
21
26
35
41
47
62
78
80
80
142
281
190
21
25
67
24
24
64
25
20
29
43
53
19
22
31
41
47
99
67
81
149
183
275
382
56
182
227
341
360
919
978
24
24
24
24
37
50
41
47
25
